Frecuencia Original [Hz],Frecuencia Polinomio [Hz],Frecuencia Metaheuristica [Hz]
3379,49.9207536222917,49.9207536222917
3379,49.920456597584284,49.92016081234984
3379,49.920154005427484,49.919564438665766
3379,49.91984595724148,49.91897024469887
3379,49.91953256334591,49.91837823396423
3379,49.91921393296709,49.91778840989676
3379,49.91889017424506,49.91720077585148
3379,49.91856139424074,49.916615335104
3379,49.91822769894297,49.916032090850834
3379,49.91788919327558,49.915451046209775
3379,49.917545981104354,49.914872204220295
3379,49.91719816524407,49.9142955678439
3379,49.916845847465396,49.913721139964515
3379,49.91648912850184,49.91314892338884
3379,49.91612810805665,49.91257892084675
3379,49.915762884809666,49.912011134991644
3379,49.915393556424156,49.91144556840085
3379,49.91502021955363,49.91088222357597
3379,49.91464296984862,49.91032110294326
3379,49.91426190196342,49.909762208854
3379,49.91387710956281,49.909205543584896
3379,49.91348868532875,49.90865110933842
3379,49.913096720967054,49.9080989082432
3379,49.912701307214,49.90754894235438
3379,49.91230253384296,49.90700121365401
3379,49.91190048967098,49.906455724051405
3379,49.91149526256528,49.90591247538352
3379,49.91108693944987,49.90537146941534
3379,49.91067560631196,49.90483270784022
3379,49.91026134820845,49.90429619228028
3379,49.90984424927238,49.90376192428677
3379,49.90942439271934,49.90322990534044
3379,49.90900186085382,49.90270013685192
3379,49.908576735075606,49.90217262016208
3379,49.908149095886074,49.90164735654239
3379,49.907719022894504,49.901124347195335
3379,49.90728659482434,49.90060359325473
3379,49.906851889519444,49.90008509578613
3379,49.90641498395029,49.89956885578717
3379,49.90597595422018,49.899054874187975
3379,49.90553487557137,49.89854315185146
3379,49.905091822391235,49.898033689573786
3379,49.90464686821836,49.89752648808465
3379,49.9042000857486,49.89702154804772
3379,49.90375154684115,49.89651887006092
3379,49.90330132252458,49.896018454656904
3379,49.9028494830028,49.895520302303325
3379,49.90239609766103,49.895024413403256
3379,49.901941235071796,49.89453078829554
3379,49.901484963000755,49.894039427255166
3379,49.90102734841266,49.8935503304936
3379,49.900568457477185,49.893063498159215
3379,49.90010835557476,49.89257893033759
3379,49.899647107302386,49.892096627051906
3379,49.89918477647942,49.891616588263304
3379,49.89872142615331,49.89113881387126
3379,49.89825711860534,49.890663303713914
3379,49.897791915356336,49.89019005756848
3379,49.89732587717231,49.88971907515158
3379,49.89685906407013,49.8892503561196
3379,49.896391535323154,49.88878390006904
3379,49.895923349466806,49.88831970653695
3379,49.89545456430413,49.88785777500117
3379,49.89498523691138,49.887398104880816
3379,49.8945154236435,49.88694069553653
3379,49.894045180139614,49.886485546270904
3379,49.893574561328506,49.88603265632882
3379,49.893103621434065,49.88558202489782
3379,49.89263241398067,49.88513365110843
3379,49.89216099179862,49.88468753403455
3379,49.89168940702944,49.884243672693785
3379,49.89121771113126,49.883802066047835
3379,49.890745954884125,49.8833627130028
3379,49.890274188395246,49.8829256124096
3379,49.889802461104296,49.882490763064254
3379,49.88933082178861,49.882058163708294
3379,49.888859318568436,49.88162781302908
3379,49.888387998912066,49.88119970966017
3379,49.88791690964104,49.88077385218168
3379,49.88744609693526,49.88035023912062
3379,49.886975606338076,49.87992886895122
3379,49.88650548276141,49.879509740095344
3379,49.88603577049078,49.87909285092278
3379,49.885566513190355,49.878678199751626
3379,49.885097753907935,49.8782657848486
3379,49.88462953507997,49.877855604429435
3379,49.88416189853649,49.877447656659186
3379,49.88369488550603,49.87704193965259
3379,49.88322853662058,49.87663845147442
3379,49.88276289192042,49.87623719013981
3379,49.882297990859016,49.87583815361463
3379,49.88183387230783,49.87544133981579
3379,49.88137057456114,49.8750467466116
3379,49.88090813534084,49.874654371822146
3379,49.88044659180117,49.87426421321956
3379,49.87998598053347,49.873876268528434
3379,49.8795263375709,49.87349053542611
3379,49.879067698393136,49.87310701154303
3379,49.87861009793098,49.87272569446309
3379,49.87815357057108,49.87234658172398
3379,49.877698150160484,49.87196967081749
3379,49.87724387001126,49.87159495918988
3379,49.876790762905074,49.871222444242186
3379,49.8763388610977,49.87085212333058
3379,49.87588819632358,49.87048399376671
3379,49.875438799800285,49.87011805281799
3379,49.874990702233035,49.86975429770799
3379,49.87454393381909,49.86939272561672
3379,49.87409852425225,49.86903333368099
3379,49.87365450272716,49.86867611899473
3379,49.87321189794382,49.86832107860931
3379,49.872770738111804,49.867968209533906
3379,49.8723310509547,49.86761750873578
3379,49.87189286371436,49.867268973140646
3379,49.871456203155205,49.866922599632964
3379,49.8710210955685,49.86657838505631
3379,49.870587566776585,49.86623632621363
3379,49.87015564213708,49.86589641986766
3379,49.8697253465471,49.865558662741165
3379,49.86929670444742,49.865223051517304
3379,49.868869739826636,49.86488958283994
3379,49.86844447622525,49.86455825331397
3379,49.868020936739825,49.86422905950565
3379,49.86759914402705,49.86390199794286
3379,49.867179120307775,49.86357706511552
3379,49.86676088737107,49.86325425747584
3379,49.866344466578255,49.86293357143862
3379,49.865929878866844,49.86261500338164
3379,49.865517144754556,49.86229854964591
3379,49.865106284343234,49.861984206536015
3379,49.86469731732279,49.86167197032042
3379,49.86429026297511,49.8613618372318
3379,49.863885140177906,49.8610538034673
3379,49.8634819674086,49.86074786518892
3379,49.863080762748154,49.86044401852377
3379,49.86268154388487,49.860142259564405
3379,49.862284328118214,49.859842584369126
3379,49.86188913236255,49.85954498896228
3379,49.86149597315092,49.859249469334586
3379,49.861104866638755,49.858956021443426
3379,49.860715828607574,49.85866464121316
3379,49.860328874468685,49.85837532453541
3379,49.85994401926684,49.858088067269385
3379,49.85956127768388,49.857802865242185
3379,49.85918066404235,49.857519714249094
3379,49.85880219230908,49.85723861005386
3379,49.8584258760988,49.85695954838904
3379,49.85805172867767,49.85668252495627
3379,49.85767976296683,49.856407535426555
3379,49.8573099915459,49.856134575440585
3379,49.85694242665645,49.85586364060903
3379,49.85657708020554,49.855594726512834
3379,49.856213963769115,49.85532782870349
3379,49.85585308859543,49.855062942703356
3379,49.85549446560851,49.85480006400596
3379,49.85513810541148,49.85453918807623
3379,49.854784018289976,49.85428031035087
3379,49.85443221421547,49.85402342623859
3379,49.854082702848594,49.85376853112041
3379,49.853735493542466,49.853515620349945
3379,49.85339059534596,49.853264689253706
3379,49.85304801700696,49.85301573313138
3379,49.85270776697564,49.8527687472561
3379,49.85236985340766,49.85252372687474
3379,49.85203428416737,49.85228066720823
3379,49.851701066831,49.85203956345176
3379,49.851370208689836,49.85180041077515
3379,49.85104171675335,49.851563204323064
3379,49.850715597752334,49.85132793921533
3379,49.85039185814198,49.8510946105472
3379,49.850070504105005,49.85086321338962
3379,49.84975154155467,49.85063374278954
3379,49.84943497613785,49.85040619377014
3379,49.849120813238066,49.85018056133115
3379,49.848809057978485,49.84995684044912
3379,49.84849971522489,49.84973502607763
3379,49.84819278958865,49.84951511314767
3379,49.84788828542969,49.849297096567796
3379,49.8475862068594,49.84908097122451
3379,49.84728655774352,49.84886673198242
3379,49.846989341705104,49.8486543736846
3379,49.8466945621273,49.848443891152804
3379,49.84640222215624,49.848235279187755
3379,49.846112324703896,49.84802853256938
3379,49.845824872450855,49.84782364605712
3379,49.845539867849126,49.847620614390166
3379,49.84525731312491,49.84741943228771
3379,49.844977210281364,49.84722009444923
3379,49.84469956110134,49.847022595554726
3379,49.84442436715008,49.84682693026502
3379,49.84415162977795,49.84663309322197
3379,49.843881350123084,49.84644107904874
3379,49.84361352911408,49.846250882350056
3379,49.84334816747261,49.8460624977125
3379,49.84308526571609,49.84587591970469
3379,49.842824824160246,49.845691142877584
3379,49.8425668429217,49.84550816176473
3379,49.84231132192058,49.8453269708825
3379,49.84205826088304,49.84514756473036
3379,49.841807659343814,49.84496993779109
3379,49.841559516648694,49.84479408453105
3379,49.84131383195708,49.84461999940046
3379,49.84107060424443,49.84444767683355
3379,49.8408298323047,49.844277111248935
3379,49.84059151475285,49.84410829704974
3379,49.840355650027206,49.84394122862394
3379,49.84012223639192,49.84377590034451
3379,49.83989127193931,49.84361230656976
3379,49.839662754592275,49.84345044164349
3379,49.839436682106644,49.84329029989529
3379,49.83921305207348,49.84313187564075
3379,49.83899186192146,49.8429751631817
3379,49.838773108919106,49.842820156806454
3379,49.838556790177144,49.84266685079004
3379,49.83834290265071,49.84251523939443
3379,49.83813144314165,49.84236531686878
3379,49.83792240830072,49.84221707744966
3379,49.83771579462982,49.84207051536128
3379,49.8375115984842,49.84192562481573
3379,49.8373098160746,49.841782400013194
3379,49.837110443469506,49.84164083514221
3379,49.83691347659718,49.841500924379844
3379,49.836718911247914,49.841362661891964
3379,49.83652674307604,49.84122604183345
3379,49.83633696760211,49.84109105834841
3379,49.83614958021492,49.8409577055704
3379,49.83596457617362,49.84082597762268
3379,49.83578195060973,49.84069586861837
3379,49.835601698529196,49.84056737266074
3379,49.8354238148144,49.840440483843395
3379,49.83524829422614,49.84031519625049
3379,49.83507513140566,49.84019150395694
3379,49.83490432087656,49.840069401028664
3379,49.8347358570468,49.839948881522794
3379,49.8345697342106,49.839829939487856
3379,49.83440594655038,49.83971256896402
3379,49.83424448813866,49.83959676398329
3379,49.83408535293992,49.839482518569724
3379,49.83392853481252,49.83936982673966
3379,49.83377402751052,49.839258682501885
3379,49.83362182468554,49.83914907985787
3379,49.83347191988855,49.83904101280197
3379,49.83332430657174,49.83893447532164
3379,49.833178978090245,49.83882946139764
3379,49.83303592770399,49.838725965004194
3379,49.83289514857938,49.838623980109254
3379,49.832756633791114,49.83852350067469
3379,49.832620376323874,49.83842452065643
3379,49.83248636907406,49.83832703400476
3379,49.83235460485148,49.838231034664446
3379,49.83222507638105,49.83813651657493
3379,49.832097776304444,49.83804347367059
3379,49.83197269718178,49.83795189988088
3379,49.83184983149324,49.83786178913054
3379,49.831729171640674,49.837773135339795
3379,49.831610709949274,49.83768593242454
3379,49.831494438669104,49.83760017429653
3379,49.83138034997673,49.837515854863604
3379,49.83126843597676,49.83743296802981
3379,49.8311586887034,49.837351507695644
3379,49.831051100122,49.83727146775823
3379,49.83094566213057,49.83719284211149
3379,49.830842366561285,49.83711562464635
3379,49.830741205182,49.8370398092509
3379,49.83064216969771,49.836965389810615
3379,49.830545251752014,49.83689236020848
3379,49.83045044292859,49.83682071432524
3379,49.83035773475259,49.836750446039524
3379,49.83026711869211,49.83668154922806
3379,49.83017858615959,49.836614017765825
3379,49.83009212851316,49.836547845526255
3379,49.83000773705809,49.8364830263814
3379,49.82992540304812,49.836419554202095
3379,49.82984511768682,49.83635742285815
3379,49.82976687212893,49.83629662621853
3379,49.82969065748168,49.83623715815148
3379,49.829616464806115,49.836179012524774
3379,49.8295442851184,49.836122183205816
3379,49.82947410939108,49.83606666406184
3379,49.829405928554365,49.83601244896009
3379,49.8293397334974,49.83595953176796
3379,49.82927551506949,49.83590790635317
3379,49.82921326408136,49.835857566583954
3379,49.829152971306335,49.83580850632919
3379,49.829094627481574,49.83576071945858
3379,49.829038223309276,49.83571419984282
3379,49.828983749457805,49.83566894135375
3379,49.82893119656292,49.83562493786454
3379,49.828880555228885,49.835582183249784
3379,49.82883181602963,49.83554067138575
3379,49.828784969509876,49.835500396150465
3379,49.828740006186244,49.835461351423916
3379,49.82869691654837,49.835423531088175
3379,49.82865569105997,49.835386929027564
3379,49.82861632015995,49.83535153912884
3379,49.82857879426347,49.83531735528129
3379,49.82854310376294,49.835284371376936
3379,49.828509239029145,49.83525258131064
3379,49.8284771904122,49.835221978980314
3379,49.828446948242615,49.835192558287005
3379,49.82841850283227,49.835164313135074
3379,49.82839184447541,49.83513723743235
3379,49.82836696344965,49.83511132509027
3379,49.82834385001691,49.83508657002401
3379,49.82832249442436,49.835062966152655
3379,49.828302886905426,49.83504050739931
3379,49.82828501768065,49.83501918769129
3379,49.828268876958646,49.834999000960195
3379,49.82825445493701,49.83497994114212
3379,49.8282417418032,49.83496200217776
3379,49.828230727735416,49.83494517801253
3379,49.828221402903516,49.83492946259675
3379,49.82821375746982,49.834914849885735
3379,49.828207781589995,49.83490133383997
3379,49.828203465413885,49.83488890842523
3379,49.82820079908634,49.834877567612686
3379,49.82819977274802,49.834867305379085
3379,49.828200376536216,49.834858115706865
3379,49.82820260058565,49.83484999258427
3379,49.828206435029216,49.834842930005486
3379,49.82821186999881,49.834836921970805
3379,49.828218895626044,49.8348319624867
3379,49.82822750204301,49.834828045565985
3379,49.82823767938304,49.83482516522794
3379,49.828249417781386,49.83482331549843
3379,49.82826270737599,49.83482249041003
3379,49.828277538308164,49.83482268400215
3379,49.828293900723274,49.834823890321154
3379,49.82831178477146,49.8348261034205
3379,49.828331180608274,49.834829317360835
3379,49.82835207839536,49.83483352621013
3379,49.828374468301135,49.834838724043806
3379,49.828398340501366,49.834844904944845
3379,49.828423685179885,49.83485206300388
3379,49.828450492529136,49.834860192319375
3379,49.82847875275085,49.83486928699769
3379,49.82850845605661,49.83487934115319
3379,49.82853959266845,49.83489034890842
3379,49.828572152819454,49.834902304394134
3379,49.82860612675431,49.83491520174948
3379,49.82864150472989,49.83492903512207
3379,49.82867827701578,49.83494379866812
3379,49.82871643389485,49.834959486552506
3379,49.828755965663774,49.83497609294894
3379,49.82879686263355,49.83499361204004
3379,49.82883911513003,49.83501203801743
3379,49.828882713494416,49.835031365081875
3379,49.82892764808375,49.835051587443374
3379,49.8289739092714,49.83507269932124
3379,49.82902148744756,49.835094694944246
3379,49.8290703730197,49.83511756855069
3379,49.82912055641301,49.83514131438853
3379,49.82917202807087,49.83516592671546
3379,49.829224778455306,49.835191399799015
3379,49.82927879804738,49.83521772791668
3379,49.82933407734764,49.83524490535597
3379,49.829390606876515,49.835272926414554
3379,49.829448377174764,49.83530178540033
3379,49.8295073788038,49.83533147663154
3379,49.82956760234614,49.835361994436816
3379,49.829629038405756,49.83539333315536
3379,49.82969167760844,49.83542548713695
3379,49.82975551060218,49.8354584507421
3379,49.82982052805751,49.8354922183421
3379,49.82988672066785,49.83552678431913
3379,49.82995407914983,49.83556214306637
3379,49.83002259424363,49.83559828898805
3379,49.83009225671333,49.83563521649956
3379,49.83016305734714,49.835672920027534
3379,49.8302349869578,49.83571139400995
3379,49.83030803638279,49.83575063289618
3379,49.830382196484685,49.83579063114711
3379,49.83045745815138,49.835831383235224
3379,49.830533812296395,49.835872883644655
3379,49.830611249859125,49.83591512687129
3379,49.830689761805104,49.83595810742287
3379,49.83076933912623,49.83600181981903
3379,49.83084997284103,49.836046258591416
3379,49.83093165399488,49.83609141828373
3379,49.831014373660246,49.83613729345184
3379,49.83109812293686,49.83618387866386
3379,49.83118289295197,49.83623116850017
3379,49.83126867486055,49.836279157553584
3379,49.83135545984544,49.83632784042934
3379,49.83144323911759,49.83637721174523
3379,49.8315320039162,49.83642726613164
3379,49.83162174550893,49.83647799823166
3379,49.83171245519205,49.83652940270111
3379,49.831804124290564,49.83658147420865
3379,49.831896744158435,49.836634207435836
3379,49.83199030617867,49.83668759707718
3379,49.83208480176347,49.83674163784025
3379,49.8321802223544,49.83679632444569
3379,49.83227655942247,49.83685165162736
3379,49.83237380446825,49.836907614132315
3379,49.832471949022015,49.836964206720936
3379,49.83257098464384,49.83702142416698
3379,49.83267090292368,49.83707926125762
3379,49.83277169548148,49.83713771279356
3379,49.832873353967265,49.83719677358904
3379,49.83297587006119,49.83725643847195
3379,49.833079235473654,49.837316702283836
3379,49.83318344194532,49.83737755988002
3379,49.83328848124724,49.83743900612962
3379,49.83339434518083,49.83750103591564
3379,49.83350102557799,49.83756364413499
3379,49.83360851430109,49.83762682569858
3379,49.833716803243064,49.83769057553135
3379,49.83382588432738,49.837754888572356
3379,49.83393574950813,49.83781975977481
3379,49.83404639076997,49.83788518410612
3379,49.834157800128224,49.837951156547966
3379,49.834269969628814,49.83801767209636
3379,49.8343828913483,49.838084725761675
3379,49.83449655739389,49.83815231256872
3379,49.834610959903394,49.838220427556756
3379,49.83472609104523,49.838289065779605
3379,49.83484194301842,49.83835822230565
3379,49.83495850805254,49.83842789221791
3379,49.835075778407685,49.838498070614065
3379,49.83519374637448,49.83856875260655
3379,49.835312404273985,49.83863993332255
3379,49.835431744457686,49.83871160790407
3379,49.835551759307435,49.83878377150799
3379,49.835672441235374,49.83885641930611
3379,49.83579378268393,49.838929546485176
3379,49.83591577612568,49.83900314824693
3379,49.83603841406334,49.839077219808175
3379,49.83616168902966,49.83915175640078
3379,49.836285593587355,49.839226753271774
3379,49.83641012032903,49.83930220568333
3379,49.83653526187705,49.839378108912854
3379,49.83666101088353,49.83945445825299
3379,49.83678736003016,49.83953124901167
3379,49.836914302028134,49.839608476512176
3379,49.83704182961806,49.83968613609316
3379,49.83716993556981,49.83976422310865
3379,49.83729861268247,49.83984273292816
3379,49.83742785378414,49.83992166093666
3379,49.837557651731906,49.84000100253464
3379,49.837687999411635,49.84008075313815
3379,49.837818889737875,49.84016090817881
3379,49.83795031565374,49.84024146310388
3379,49.83808227013075,49.840322413376256
3379,49.83821474616869,49.840403754474536
3379,49.83834773679548,49.84048548189302
3379,49.838481235067015,49.84056759114176
3379,49.83861523406702,49.84065007774661
3379,49.838749726906904,49.84073293724921
3379,49.838884706725565,49.84081616520704
3379,49.839020166689274,49.84089975719346
3379,49.83915609999148,49.84098370879773
3379,49.83929249985264,49.84106801562502
3379,49.83942935952008,49.84115267329646
3379,49.839566672267786,49.841237677449165
3379,49.83970443139623,49.841323023736244
3379,49.83984263023221,49.841408707826844
3379,49.83998126212865,49.84149472540616
3379,49.84012032046441,49.841581072175465
3379,49.84025979864409,49.84166774385214
3379,49.84039969009788,49.8417547361697
3379,49.84053998828132,49.84184204487778
3379,49.8406806866751,49.84192966574222
3379,49.840821778784886,49.84201759454503
3379,49.84096325814112,49.842105827084424
3379,49.84110511829879,49.84219435917488
3379,49.84124735283722,49.842283186647094
3379,49.841389955359894,49.84237230534805
3379,49.8415329194942,49.84246171114103
3379,49.84167623889125,49.842551399905595
3379,49.841819907225656,49.84264136753765
3379,49.84196391819528,49.84273160994945
3379,49.84210826552105,49.8428221230696
3379,49.84225294294672,49.84291290284307
3379,49.842397944238655,49.84300394523122
3379,49.84254326318558,49.843095246211824
3379,49.84268889359838,49.84318680177907
3379,49.84283482930983,49.84327860794358
3379,49.842981064174424,49.84337066073241
3379,49.84312759206808,49.843462956189086
3379,49.84327440688792,49.843555490373596
3379,49.84342150255206,49.84364825936241
3379,49.84356887299934,49.843741259248496
3379,49.843716512189104,49.84383448614131
3379,49.84386441410093,49.843927936166835
3379,49.84401257273441,49.844021605467574
3379,49.844160982108896,49.84411549020255
3379,49.84430963626328,49.84420958654732
3379,49.84445852925572,49.84430389069403
3379,49.84460765516335,49.844398398851325
3379,49.84475700808215,49.84449310724445
3379,49.84490658212657,49.84458801211521
3379,49.84505637142935,49.84468310972196
3379,49.845206370141256,49.84477839633968
3379,49.84535657243082,49.844873868259896
3379,49.84550697248409,49.84496952179073
3379,49.84565756450436,49.84506535325691
3379,49.84580834271194,49.84516135899977
3379,49.8459593013439,49.8452575353772
3379,49.84611043465381,49.84535387876374
3379,49.846261736911444,49.84545038555051
3379,49.846413202402594,49.845547052145236
3379,49.846564825428764,49.845643874972275
3379,49.84671660030692,49.84574085047256
3379,49.84686852136925,49.84583797510365
3379,49.8470205829629,49.84593524533971
3379,49.84717277944969,49.84603265767152
3379,49.847325105205904,49.84613020860645
3379,49.84747755462199,49.8462278946685
3379,49.847630122102316,49.846325712398254
3379,49.84778280206494,49.84642365835289
3379,49.8479355889413,49.846521729106215
3379,49.848088477176006,49.846619921248596
3379,49.84824146122655,49.846718231387015
3379,49.84839453556307,49.84681665614504
3379,49.84854769466809,49.846915192162804
3379,49.848700933036255,49.847013836097034
3379,49.84885424517408,49.84711258462103
3379,49.849007625599725,49.84721143442464
3379,49.849161068842676,49.84731038221431
3379,49.849314569443564,49.847409424712986
3379,49.84946812195387,49.8475085586602
3379,49.84962172093567,49.84760778081202
3379,49.849775360961445,49.84770708794103
3379,49.84992903661373,49.84780647683634
3379,49.850082742484965,49.847905944303584
3379,49.85023647317718,49.84800548716489
3379,49.8503902233018,49.848105102258884
3379,49.850543987479355,49.84820478644069
3379,49.850697760339266,49.848304536581885
3379,49.850851536519585,49.84840434957053
3379,49.85100531066678,49.84850422231113
3379,49.85115907743545,49.84860415172463
3379,49.85131283148815,49.84870413474841
3379,49.8514665674951,49.84880416833627
3379,49.851620280133986,49.848904249458414
3379,49.85177396408968,49.84900437510142
3379,49.851927614054084,49.849104542268286
3379,49.852081224725836,49.849204747978334
3379,49.852234790810094,49.84930498926726
3379,49.85238830701834,49.84940526318709
3379,49.85254176806812,49.84950556680617
3379,49.852695168682864,49.84960589720916
3379,49.85284850359161,49.849706251497004
3379,49.853001767528845,49.84980662678692
3379,49.85315495523425,49.8499070202124
3379,49.8533080614525,49.850007428923156
3379,49.85346108093306,49.850107850085145
3379,49.85361400842996,49.85020828088053
3379,49.8537668387016,49.85030871850765
3379,49.85391956651058,49.85040916018102
3379,49.854072186623405,49.85050960313134
3379,49.854224693810394,49.8506100446054
3379,49.85437708284543,49.85071048186614
3379,49.854529348505764,49.850810912192586
3379,49.85468148557184,49.85091133287983
3379,49.854833488827104,49.851011741239056
3379,49.85498535305783,49.85111213459744
3379,49.855137073052916,49.851212510298225
3379,49.85528864360372,49.85131286570061
3379,49.8554400595039,49.851413198179785
3379,49.855591315549205,49.851513505126896
3379,49.85574240653733,49.85161378394902
3379,49.85589332726777,49.85171403206913
3379,49.85604407254161,49.85181424692611
3379,49.856194637161394,49.851914425974684
3379,49.85634501593099,49.85201456668544
3379,49.85649520365539,49.852114666544765
3379,49.85664519514061,49.85221472305486
3379,49.85679498519349,49.852314733733664
3379,49.85694456862163,49.8524146961149
3379,49.85709394023317,49.852514607747985
3379,49.85724309483672,49.852614466198055
3379,49.85739202724119,49.85271426904589
3379,49.8575407322557,49.852814013887944
3379,49.857689204689414,49.85291369833628
3379,49.857837439351464,49.85301332001855
3379,49.85798543105081,49.85311287657798
3379,49.85813317459615,49.85321236567334
3379,49.85828066479579,49.853311784978914
3379,49.85842789645758,49.853411132184476
3379,49.858574864388764,49.853510404995255
3379,49.858721563395946,49.85360960113191
3379,49.85886798828497,49.85370871833052
3379,49.85901413386083,49.85380775434254
3379,49.859159994927616,49.85390670693476
3379,49.85930556628841,49.854005573889296
3379,49.859450842745254,49.85410435300357
3379,49.859595819099056,49.85420304209025
3379,49.859740490149534,49.85430163897723
3379,49.85988485069517,49.85440014150764
3379,49.860028895533155,49.854498547539755
3379,49.86017261945935,49.854596854947005
3379,49.860316017268225,49.85469506161793
3379,49.860459083752865,49.854793165456165
3379,49.86060181370489,49.854891164380376
3379,49.86074420191446,49.854989056324264
3379,49.86088624317026,49.85508683923652
3379,49.86102793225947,49.855184511080786
3379,49.86116926396776,49.85528206983565
3379,49.86131023307929,49.85537951349457
3379,49.86145083437671,49.85547684006588
3379,49.86159106264118,49.85557404757275
3379,49.86173091265236,49.85567113405313
3379,49.861870379188446,49.85576809755976
3379,49.86200945702618,49.855864936160096
3379,49.86214814094092,49.85596164793628
3379,49.86228642570661,49.856058230985155
3379,49.86242430609588,49.85615468341816
3379,49.86256177688008,49.856251003361365
3379,49.86269883282932,49.85634718895538
3379,49.862835468712525,49.856443238355354
3379,49.86297167929754,49.85653914973093
3379,49.86310745935116,49.856634921266206
3379,49.863242803639245,49.85673055115973
3379,49.86337770692677,49.8568260376244
3379,49.86351216397794,49.85692137888752
3379,49.86364616955628,49.85701657319067
3379,49.86377971842476,49.857111618789745
3379,49.86391280534586,49.85720651395487
3379,49.86404542508174,49.857301256970395
3379,49.86417757239433,49.85739584613484
3379,49.86430924204548,49.85749027976088
3379,49.864440428797074,49.857584556175276
3379,49.86457112741121,49.857678673718866
3379,49.86470133265032,49.857772630746524
3379,49.86483103927736,49.85786642562711
3379,49.864960242055936,49.85796005674344
3379,49.865088935750514,49.858053522492256
3379,49.865217115126576,49.85814682128419
3379,49.86534477495082,49.85823995154369
3379,49.865471909991356,49.85833291170905
3379,49.86559851501789,49.858425700232296
3379,49.865724584801974,49.85851831557922
3379,49.86585011411715,49.858610756229275
3379,49.865975097739266,49.858703020675584
3379,49.866099530446625,49.85879510742489
3379,49.86622340702028,49.85888701499751
3379,49.86634672224425,49.85897874192728
3379,49.8664694709058,49.859070286761565
3379,49.86659164779568,49.859161648061175
3379,49.86671324770841,49.859252824400336
3379,49.86683426544254,49.859343814366675
3379,49.86695469580098,49.85943461656114
3379,49.86707453359122,49.859525229597985
3379,49.86719377362572,49.85961565210474
3379,49.867312410722164,49.85970588272215
3379,49.867430439703774,49.85979592010413
3379,49.86754785539968,49.85988576291777
3379,49.86766465264521,49.859975409843216
3379,49.86778082628228,49.86006485957372
3379,49.867896371159695,49.86015411081552
3379,49.868011282133544,49.860243162287865
3379,49.868125554067575,49.86033201272292
3379,49.868239181833545,49.860420660865756
3379,49.86835216031161,49.860509105474314
3379,49.86846448439076,49.860597345319334
3379,49.868576148969176,49.86068537918433
3379,49.868687148954656,49.86077320586558
3379,49.86879747926505,49.86086082417201
3379,49.86890713482868,49.86094823292523
3379,49.869016110584795,49.861035430959454
3379,49.86912440148399,49.86112241712146
3379,49.86923200248868,49.861209190270536
3379,49.869338908573596,49.86129574927848
3379,49.869445114726204,49.861382093029526
3379,49.86955061594724,49.86146822042029
3379,49.86965540725117,49.861554130359764
3379,49.86975948366674,49.86163982176925
3379,49.869862840237445,49.86172529358231
3379,49.86996547202205,49.86181054474476
3379,49.87006737409519,49.861895574214586
3379,49.87016854154782,49.86198038096192
3379,49.870268969487846,49.862064963969
3379,49.87036865304064,49.862149322230124
3379,49.870467587349644,49.8622334547516
3379,49.870565767576906,49.86231736055173
3379,49.87066318890374,49.862401038660714
3379,49.87075984653128,49.862484488120664
3379,49.87085573568108,49.86256770798552
3379,49.8709508515958,49.86265069732104
3379,49.87104518953977,49.86273345520471
3379,49.87113874479968,49.86281598072577
3379,49.871231512685206,49.8628982729851
3379,49.8713234885297,49.86298033109521
3379,49.87141466769082,49.863062154180206
3379,49.87150504555128,49.863143741375715
3379,49.871594617519484,49.86322509182889
3379,49.87168337903026,49.8633062046983
3379,49.87177132554557,49.86338707915394
3379,49.87185845255527,49.863467714377165
3379,49.87194475557778,49.863548109560654
3379,49.87203023016089,49.86362826390837
3379,49.8721148718825,49.863708176635484
3379,49.87219867635141,49.86378784696837
3379,49.87228163920805,49.86386727414455
3379,49.87236375612534,49.86394645741264
3379,49.87244502280944,49.8640253960323
3379,49.872525435000604,49.86410408927422
3379,49.872604988473995,49.864182536420046
3379,49.872683679040485,49.86426073676234
3379,49.872761502547576,49.86433868960456
3379,49.8728384548802,49.864416394260985
3379,49.872914531961634,49.864493850056675
3379,49.87298972975434,49.86457105632745
3379,49.87306404426089,49.86464801241981
3379,49.873137471524885,49.86472471769094
3379,49.87321000763184,49.86480117150861
3379,49.87328164871014,49.86487737325116
3379,49.87335239093196,49.86495332230745
3379,49.873422230514265,49.865029018076825
3379,49.8734911637197,49.865104459969054
3379,49.87355918685765,49.8651796474043
3379,49.87362629628517,49.86525457981305
3379,49.87369248840803,49.86532925663611
3379,49.87375775968171,49.86540367732452
3379,49.87382210661241,49.86547784133954
3379,49.87388552575813,49.86555174815259
3379,49.873948013729695,49.8656253972452
3379,49.87400956719182,49.865698788108986
3379,49.87407018286419,49.86577192024558
3379,49.874129857522554,49.86584479316659
3379,49.87418858799983,49.86591740639358
3379,49.874246371187205,49.865989759457996
3379,49.87430320403528,49.86606185190114
3379,49.87435908355519,49.86613368327411
3379,49.874414006819784,49.86620525313775
3379,49.874467970964766,49.86627656106265
3379,49.874520973189874,49.866347606629034
3379,49.87457301076011,49.86641838942677
3379,49.874624081006885,49.86648890905529
3379,49.874674181329304,49.866559165123576
3379,49.87472330919533,49.86662915725009
3379,49.87477146214307,49.86669888506272
3379,49.874818637782056,49.866768348198775
3379,49.87486483379443,49.866837546304914
3379,49.87491004793633,49.8669064790371
3379,49.87495427803913,49.866975146060554
3379,49.87499752201075,49.86704354704972
3379,49.87503977783701,49.867111681688215
3379,49.87508104358295,49.8671795496688
3379,49.8751213173942,49.86724715069328
3379,49.87516059749833,49.86731448447254
3379,49.87519888220621,49.867381550726435
3379,49.87523616991348,49.86744834918378
3379,49.875272459101865,49.867514879582295
3379,49.87530774834066,49.867581141668545
3379,49.87534203628816,49.86764713519793
3379,49.87537532169307,49.86771285993459
3379,49.87540760339603,49.86777831565143
3379,49.87543888033104,49.86784350212999
3379,49.875469151527,49.86790841916049
3379,49.87549841610917,49.86797306654172
3379,49.87552667330073,49.868037444081004
3379,49.875553922424324,49.86810155159418
3379,49.87558016290356,49.86816538890555
3379,49.87560539426462,49.86822895584782
3379,49.875629616137836,49.868292252262066
3379,49.87565282825928,49.86835527799767
3379,49.87567503047236,49.86841803291233
3379,49.87569622272947,49.86848051687194
3379,49.87571640509361,49.86854272975061
3379,49.875735577740066,49.86860467143058
3379,49.87575374095805,49.86866634180221
3379,49.8757708951524,49.86872774076389
3379,49.87578704084529,49.86878886822203
3379,49.875802178677915,49.86884972409104
3379,49.875816309412265,49.868910308293216
3379,49.875829433932836,49.86897062075874
3379,49.8758415532484,49.86903066142564
3379,49.875852668493806,49.869090430239744
3379,49.875862780931726,49.8691499271546
3379,49.87587189195451,49.869209152131496
3379,49.87588000308599,49.86926810513935
3379,49.87588711598329,49.869326786154694
3379,49.87589323243874,49.86938519516167
3379,49.87589835438171,49.8694433321519
3379,49.87590248388051,49.86950119712453
3379,49.875905623144256,49.869558790086124
3379,49.875907774524855,49.86961611105065
3379,49.87590894051889,49.869673160039426
3379,49.87590912376958,49.8697299370811
3379,49.87590832706876,49.86978644221155
3379,49.875906553358845,49.86984267547391
3379,49.87590380573484,49.86989863691849
3379,49.87590008744639,49.869954326602716
3379,49.87589540189972,49.87000974459112
3379,49.87588975265979,49.8700648909553
3379,49.875883143452285,49.870119765773836
3379,49.87587557816573,49.87017436913228
3379,49.8758670608536,49.87022870112311
3379,49.87585759573639,49.87028276184569
3379,49.87584718720378,49.87033655140619
3379,49.87583583981679,49.870390069917605
3379,49.87582355830992,49.870443317499664
3379,49.875810347593344,49.8704962942788
3379,49.87579621275512,49.870549000388124
3379,49.875781159063386,49.87060143596736
3379,49.87576519196861,49.8706536011628
3379,49.87574831710583,49.8707054961273
3379,49.87573054029693,49.87075712102018
3379,49.875711867552916,49.87080847600725
3379,49.87569230507622,49.87085956126069
3379,49.875671859263036,49.87091037695907
3379,49.87565053670563,49.870960923287285
3379,49.875628344194716,49.871011200436506
3379,49.87560528872182,49.871061208604154
3379,49.87558137748167,49.87111094799385
3379,49.875556617874615,49.871160418815364
3379,49.875531017509005,49.87120962128459
3379,49.87550458420371,49.871258555623506
3379,49.875477325990516,49.87130722206011
3379,49.87544925111664,49.87135562082838
3379,49.8754203680472,49.871403752168284
3379,49.87539068546776,49.871451616325665
3379,49.87536021228683,49.87149921355224
3379,49.875328957638445,49.87154654410556
3379,49.87529693088472,49.87159360824897
3379,49.87526414161846,49.871640406251544
3379,49.8752305996657,49.871686938388066
3379,49.87519631508843,49.87173320493898
3379,49.87516129818715,49.87177920619036
3379,49.87512555950357,49.871824942433854
3379,49.87508910982331,49.87187041396666
3379,49.875051960178524,49.871915621091475
3379,49.87501412185072,49.87196056411644
3379,49.87497560637341,49.87200524335514
3379,49.874936425534905,49.872049659126525
3379,49.87489659138108,49.87209381175489
3379,49.874856116218176,49.87213770156983
3379,49.874815012615585,49.872181328906194
3379,49.87477329340871,49.87222469410406
3379,49.8747309717018,49.87226779750868
3379,49.874688060870824,49.87231063947045
3379,49.874644574566354,49.872353220344856
3379,49.87460052671646,49.87239554049246
3379,49.87455593152969,49.87243760027885
3379,49.87451080349793,49.87247940007457
3379,49.874465157399435,49.87252094025513
3379,49.8744190083018,49.87256222120094
3379,49.87437237156495,49.87260324329726
3379,49.874325262844195,49.872644006934216
3379,49.874277698093216,49.87268451250667
3379,49.874229693567194,49.87272476041427
3379,49.87418126582584,49.87276475106136
3379,49.87413243173654,49.87280448485696
3379,49.87408320847746,49.87284396221471
3379,49.87403361354067,49.87288318355286
3379,49.87398366473534,49.87292214929421
3379,49.87393338019091,49.87296085986609
3379,49.87388277836029,49.872999315700284
3379,49.87383187802307,49.87303751723304
3379,49.8737806982888,49.873075464905
3379,49.873729258600214,49.873113159161186
3379,49.87367757873657,49.873150600450934
3379,49.873625678816865,49.87318778922787
3379,49.87357357930326,49.873224725949896
3379,49.87352130100436,49.8732614110791
3379,49.87346886507859,49.873297845081765
3379,49.87341629303762,49.873334028428324
3379,49.87336360674973,49.873369961593305
3379,49.87331082844324,49.87340564505531
3379,49.87325798071,49.873441079296946
3379,49.87320508650883,49.873476264804864
3379,49.87315216916901,49.87351120206963
3379,49.8730992523938,49.87354589158574
3379,49.87304636026396,49.873580333851606
3379,49.87299351724135,49.87361452936944
3379,49.87294074817244,49.87364847864531
3379,49.872888078291965,49.87368218218902
3379,49.87283553322651,49.873715640514156
3379,49.87278313899815,49.87374885413798
3379,49.87273092202814,49.873781823581425
3379,49.87267890914057,49.87381454936907
3379,49.87262712756608,49.87384703202909
3379,49.87257560494558,49.873879272093205
3379,49.87252436933401,49.87391127009668
3379,49.872473449204094,49.87394302657826
3379,49.87242287345016,49.873974542080155
3379,49.8723726713919,49.874005817147996
3379,49.87232287277828,49.87403685233079
3379,49.872273507791306,49.874067648180905
3379,49.87222460704999,49.87409820525402
3379,49.87217620161422,49.87412852410911
3379,49.87212832298864,49.87415860530839
3379,49.87208100312665,49.87418844941727
3379,49.872034274434384,49.87421805700437
3379,49.87198816977464,49.87424742864144
3379,49.871942722470926,49.87427656490334
3379,49.871897966311515,49.874305466368014
3379,49.871853935553474,49.87433413361644
3379,49.87181066492674,49.87436256723263
3379,49.87176818963827,49.87439076780354
3379,49.871726545376085,49.874418735919086
3379,49.8716857683135,49.87444647217209
3379,49.871645895113254,49.87447397715826
3379,49.8716069629317,49.87450125147614
3379,49.871569009423034,49.874528295727075
3379,49.871532072743555,49.87455511051521
3379,49.87149619155586,49.874581696447414
3379,49.87146140503323,49.874608054133276
3379,49.87142775286384,49.87463418418507
3379,49.87139527525515,49.87466008721771
3379,49.871364012938265,49.87468576384873
3379,49.871334007172266,49.874711214698245
3379,49.87130529974866,49.87473644038892
3379,49.87127793299578,49.87476144154595
3379,49.871251949783236,49.87478621879699
3379,49.87122739352642,49.87481077277218
3379,49.871204308190926,49.87483510410407
3379,49.87118273829717,49.874859213427605
3379,49.87116272892486,49.874883101380085
3379,49.87114432571757,49.87490676860116
3379,49.87112757488739,49.874930215732746
3379,49.871112523219466,49.874953443419066
3379,49.87109921807668,49.87497645230655
3379,49.87108770740432,49.874999243043845
3379,49.87107803973474,49.87502181628177
3379,49.87107026419209,49.8750441726733
3379,49.87106443049704,49.875066312873514
3379,49.871060588971574,49.87508823753958
3379,49.871058790543714,49.87510994733072
3379,49.871059086752375,49.875131442908184
3379,49.871061529752204,49.875152724935205
3379,49.87106617231839,49.87517379407699
3379,49.87107306785161,49.87519465100069
3379,49.87108227038287,49.875215296375345
3379,49.87109383457849,49.87523573087187
3379,49.87110781574503,49.87525595516305
3379,49.87112426983428,49.87527596992346
3379,49.87114325344829,49.87529577582948
3379,49.87116482384433,49.87531537355924
3379,49.87118903894005,49.87533476379262
3379,49.87121595731846,49.87535394721119
3379,49.87124563823311,49.87537292449817
3379,49.87127814161318,49.875391696338475
3379,49.87131352806863,49.875410263418594
3379,49.87135185889545,49.875428626426626
3379,49.87139319608076,49.87544678605222
3379,49.87143760230815,49.87546474298657
3379,49.87148514096284,49.87548249792237
3379,49.87153587613707,49.87550005155377
3379,49.87158987263528,49.875517404576414
3379,49.87164719597958,49.875534557687324
3379,49.871707912415005,49.875551511584945
3379,49.87177208891496,49.87556826696907
3379,49.871839793186595,49.875584824540844
3379,49.87191109367629,49.87560118500273
